To investigate

combat+combat+externalLock+miniboss+miniboss: [1588595500224.8147]
combat+combat+miniboss+miniboss+normalGate: (15) [1588594962977.6047, 1588595018638.4321, 1588595024385.6548, 1588595032616.5884, 1588595037046.2192, 1588595077449.1353, 1588595238863.706, 1588595281937.924, 1588595323652.3782, 1588595371941.3682, 1588595374073.6882, 1588595468200.2168, 1588595487541.0115, 1588595537618.2197, 1588595561645.0579]
combat+combat+miniboss+miniboss+puzzle+puzzle: (7) [1588594889110.5337, 1588594950287.5537, 1588595007125.27, 1588595263847.4229, 1588595283085.49, 1588595444790.2092, 1588595580101.0894]
externalLock+miniboss+miniboss: (6) [1588595017340.5554, 1588595095122.3044, 1588595181568.4446, 1588595325406.9885, 1588595417034.208, 1588595465112.7026]
externalLock+miniboss+miniboss+normalGate: (4) [1588594947815.5127, 1588595042000.7236, 1588595105202.5552, 1588595568227.0603]
externalLock+miniboss+miniboss+puzzle+puzzle: (2) [1588595418474.3845, 1588595468029.6577]
miniboss+miniboss+normalGate: (43) [1588594888574.3018, 1588594905544.5662, 1588594921142.1028, 1588594939591.2844, 1588594964210.6492, 1588594967323.0864, 1588595000149.4155, 1588595003862.1338, 1588595011077.2192, 1588595058921.2148, 1588595059612.0876, 1588595062506.9595, 1588595079960.006, 1588595100708.9336, 1588595130889.986, 1588595170672.6443, 1588595171873.993, 1588595175333.391, 1588595189154.4, 1588595201195.3372, 1588595214209.257, 1588595220755.0842, 1588595248930.9475, 1588595285426.1428, 1588595288756.9976, 1588595291700.5452, 1588595311145.91, 1588595317968.1252, 1588595400732.8271, 1588595412157.3665, 1588595415312.2917, 1588595429385.812, 1588595442166.089, 1588595447777.5283, 1588595466087.2773, 1588595538003.5493, 1588595547490.589, 1588595576330.382, 1588595578284.8708, 1588595579384.178, 1588595579500.3796, 1588595582358.5024, 1588595587131.1433]
miniboss+miniboss+normalGate+normalGate: (3) [1588594885421.2808, 1588595181968.4841, 1588595443350.5488]
miniboss+miniboss+normalGate+puzzle+puzzle: (18) [1588594989475.1182, 1588595047427.5298, 1588595113127.3613, 1588595113132.693, 1588595195851.3347, 1588595224913.0537, 1588595236204.8423, 1588595250528.8047, 1588595273259.7651, 1588595302227.4978, 1588595311793.2214, 1588595372553.889, 1588595374479.9333, 1588595412737.2593, 1588595453557.8713, 1588595484534.8264, 1588595537600.1006, 1588595594381.4734]
miniboss+miniboss+puzzle+puzzle+singleKeyLock: (2) [1588595030379.3545, 1588595229235.0002]
miniboss+miniboss+singleKeyLock: (795) [1588594881972.1663,
miniboss+miniboss+puzzle+puzzle: (39) [1588594898105.1836, 1588594921163.4065, 1588594933874.8376, 1588594970861.8767, 1588594976152.9534, 1588594987408.8557, 1588595014141.7646, 1588595026424.8916, 1588595037749.5227, 1588595054559.6157, 1588595056673.917, 1588595086219.962, 1588595087957.7302, 1588595110117.9746, 1588595115354.8662, 1588595189043.063, 1588595205003.1987, 1588595220385.5625, 1588595224507.9224, 1588595230123.4102, 1588595247856.9497, 1588595250835.3713, 1588595286452.2979, 1588595300010.9614, 1588595305068.8494, 1588595345649.8943, 1588595356081.2046, 1588595356330.0554, 1588595397365.0442, 1588595413504.408, 1588595439560.2869, 1588595446836.1357, 1588595458748.0273, 1588595490144.5334, 1588595538985.8115, 1588595558794.4368, 1588595587088.5, 1588595591688.3877, 1588595593653.1252]
miniboss+miniboss+puzzle+puzzle+puzzle+puzzle: (7) [1588594954025.325, 1588594962855.9666,
miniboss+miniboss+normalGate+singleKeyLock: (4) [1588595060500.358, 1588595240472.912, 1588595378544.6821, 1588595446173.5388]
puzzle+puzzle+puzzle+puzzle+puzzle+puzzle: (21) [1588594885580.4902, 1588594898171.9067,
puzzle+puzzle+puzzle+puzzle+singleKeyLock: (16) [1588595014135.3909, 1588595062256.2048,
keyItem+normalGate+normalGate: (13) [1588594891433.1787, 1588594939736.4666, 1588594966129.2097, 1588594967788.3174, 1588595001554.4424, 1588595008667.819, 1588595049941.1099, 1588595225524.9304, 1588595336936.8738, 1588595377885.6267, 1588595377922.2463, 1588595537690.8728, 1588595552066.6663]
keyItem+normalGate+normalGate+normalGate: [1588595116845.1904]
externalLock+keyItem+singleKeyLock: (12) [1588595005778.1643, 1588595060006.4426, 1588595108303.0413, 1588595130301.2473, 1588595171357.0393, 1588595246910.0269, 1588595303803.4397, 1588595340863.7512, 1588595342735.0518, 1588595397533.9207, 1588595564958.8318, 1588595587439.2722]
combat+combat+multiKey+puzzle+puzzle: (7) [1588595104565.6619, 1588595203150.7358, 1588595244068.8125, 1588595252138.0193, 1588595421777.9702, 1588595454976.2017, 1588595590420.3345]
combat+combat+multiKey+singleKeyLock: [1588595378695.5356]